[[6.4557457 ]
 [4.7254677 ]
 [4.1122217 ]
 [3.946817  ]
 [3.136022  ]
 [2.1932933 ]
 [2.0036626 ]
 [1.4211088 ]
 [0.5731574 ]
 [1.6242428 ]
 [3.4086494 ]
 [1.8651184 ]
 [1.6148013 ]
 [1.942865  ]
 [0.99683905]
 [1.2368822 ]
 [0.89476436]
 [2.0415914 ]
 [1.6333158 ]
 [1.9847283 ]
 [0.9691318 ]
 [1.4516507 ]
 [1.731066  ]
 [1.3717382 ]
 [1.2582425 ]
 [1.1393434 ]
 [1.3861341 ]
 [1.3627013 ]
 [1.4167674 ]
 [0.9594111 ]
 [1.0641675 ]
 [1.0097688 ]
 [1.4763317 ]
 [2.4073157 ]
 [1.115333  ]
 [1.2179234 ]
 [1.3188864 ]
 [1.4509026 ]
 [1.2467992 ]
 [1.590573  ]
 [1.2450849 ]
 [0.98538435]
 [1.3049946 ]
 [1.0647588 ]
 [2.309563  ]
 [1.1695403 ]
 [0.64409906]
 [0.7713092 ]
 [0.63368565]
 [1.2303264 ]
 [1.1242075 ]
 [0.30351448]
 [0.6391896 ]
 [1.1242516 ]
 [1.0361837 ]
 [1.3693659 ]
 [0.7965946 ]
 [0.8355756 ]
 [0.42831507]
 [0.63072413]
 [0.62991184]
 [0.4077602 ]
 [0.17351857]
 [0.43548027]
 [0.26399523]
 [1.2470809 ]
 [1.3547758 ]
 [0.76686007]
 [1.0826532 ]
 [0.7800384 ]
 [0.6305773 ]
 [0.620284  ]
 [0.61677444]
 [0.57084876]
 [0.43803218]
 [0.9878025 ]
 [1.2357491 ]
 [2.2143762 ]
 [1.3996834 ]
 [1.3409772 ]
 [1.4282649 ]
 [1.592521  ]
 [0.9343687 ]
 [0.4024286 ]
 [0.7982615 ]
 [1.1873308 ]
 [0.47067654]
 [1.9338938 ]
 [1.733052  ]
 [1.6613363 ]
 [1.1207187 ]
 [1.1548907 ]
 [0.5528132 ]
 [0.5929594 ]
 [0.6853946 ]
 [0.8699467 ]
 [0.27564555]
 [0.48338798]
 [1.7227225 ]
 [2.6130064 ]
 [1.7507174 ]
 [1.438758  ]
 [0.98271024]
 [0.8756681 ]
 [0.49476215]
 [0.6525754 ]
 [1.3513418 ]
 [1.8946004 ]
 [1.4900467 ]
 [1.9629196 ]
 [2.8168907 ]
 [1.5132463 ]
 [1.3040957 ]
 [0.9403706 ]
 [1.1625744 ]
 [1.0784718 ]
 [1.108009  ]
 [0.93731314]
 [1.4340048 ]
 [1.1721463 ]
 [1.2556021 ]
 [2.6800785 ]
 [1.4727441 ]
 [1.4179419 ]
 [0.96860594]
 [1.371381  ]
 [1.255021  ]
 [1.3255227 ]
 [1.3299505 ]
 [1.1502957 ]
 [1.6396337 ]
 [1.0490993 ]]
